0.307521310 0
0.308420600 3
3:  -1.1331339 -0.0258656 1.2908713
2:  -0.4794711 -0.2097749 1.3723534
1:  0.1565107 -0.3257921 1.3706040
0.308470560 3
3:  -1.1420847 -0.0021680 1.2535084
2:  -0.4831876 -0.1964046 1.3733378
1:  0.1953073 -0.3170128 1.3659828
0.310169200 3
3:  -1.0560109 -0.0261450 1.1861606
2:  -0.2851903 -0.2412901 1.2960277
1:  0.1849923 -0.2075267 1.2990250
0.311018520 3
3:  -0.8624242 -0.0556664 1.2058004
2:  -0.2346808 -0.1263228 1.2802552
1:  0.3764165 -0.3686444 1.2521724
0.311668000 3
3:  -0.6950721 0.0053562 1.2318217
1:  0.9371638 -0.5578617 0.8698981
2:  0.0662304 -0.2454315 1.2316143
0.313066920 3
3:  -0.5865051 0.0351698 1.1297819
4:  0.0519800 -0.4318945 1.5781357
2:  0.7253474 -0.3474823 0.8364514
0.314466040 2
3:  0.9731797 -0.2238255 0.8339854
4:  0.1519758 0.0674009 1.4103958
0.314815800 1
4:  -0.1417025 -0.1751264 1.3945688
0.315465330 1
4:  0.0217909 -0.2924829 1.3914969
0.315815090 1
4:  0.1368193 -0.3115019 1.3824626
0.316164870 1
4:  0.3918920 -0.2577264 1.3943625
0.316564560 1
4:  0.5093467 -0.2871473 1.4339934
0.316914300 1
4:  0.4456786 -0.3342134 1.5623840
0.317314010 1
4:  0.5451939 -0.2590533 1.6109756
0.317863590 1
4:  0.6744308 -0.3386428 1.6178920
0.318163360 1
4:  1.2248580 -0.5976099 1.2678186
0.318563040 1
4:  1.5998625 -0.7549818 0.9123719
0.319612220 0
0.320061880 0
0.321011130 1
5:  -2.4618260 -0.2460783 1.5845752
0.321460760 1
5:  -2.2128652 -0.3941265 1.8312363
0.321910400 1
5:  -2.1437254 -0.3908383 1.6545076
0.322409990 1
5:  1.8185593 0.3090445 1.6647191
0.323109440 1
5:  1.3849716 0.2032863 1.7507594
0.323609050 1
5:  -1.3224290 -0.2024098 1.5576823
0.324058650 1
5:  -1.2972408 -0.2595199 1.5633047
0.324558200 1
5:  -0.9953187 -0.2048066 1.3750888
0.325257600 1
5:  -0.7144316 -0.2361675 1.3391901
0.325906990 1
5:  0.4615884 0.2624374 1.2209112
0.326856190 1
5:  -0.1747977 -0.1926119 1.1675465
0.327255810 1
5:  0.0107969 -0.1658251 1.2196444
0.327905190 1
5:  0.2702725 -0.0957121 1.2101867
0.328454720 1
5:  0.7162814 -0.2940454 0.9880448
0.328904350 1
5:  1.1324951 -0.4363445 0.6124745
0.329104170 0
0.331701900 1
6:  0.3608607 0.2727348 1.6633693
0.332151550 2
7:  -1.9807429 -0.3822827 0.9931830
6:  0.3423991 0.0505741 1.7781915
0.332651150 1
6:  0.3916677 -0.1613148 1.7502157
0.332950920 2
6:  -0.1045244 0.3453029 1.7723624
7:  1.2689555 -0.2079658 1.4842593
0.333900170 2
6:  0.8415043 -0.0775732 1.7432338
7:  -0.9269361 0.0016383 1.6000941
0.334549620 2
6:  1.2283593 -0.2331390 1.5833934
7:  -0.6555482 0.0425301 1.5608544
0.334849380 2
6:  1.9181450 -0.5920287 0.8488551
7:  0.6164954 -0.1738564 1.4861801
0.335149260 1
7:  -0.5568831 0.2082215 1.4661880
0.335748900 1
7:  -0.4503221 0.1233841 1.5343522
0.336148590 1
7:  -0.4480473 0.1025738 1.5878301
0.337247770 1
7:  0.3257589 -0.1376618 1.6405868
0.337697500 1
7:  -0.4932574 -0.0754550 1.5789713
0.339096120 2
6:  2.0194473 -0.7058264 1.3296076
7:  0.2647174 -0.2232785 1.7101445
0.339695610 2
6:  1.7188024 -0.3445622 1.6880231
7:  0.5031598 -0.1896889 1.6438365
0.340195250 2
7:  0.3282668 -0.1536464 1.7332678
6:  2.0080837 -0.6669282 1.4051931
